camera_matrix:
  cols: 3
  data: [481.9325639356023, 0.0, 323.87987875865014, 0.0, 483.0582084786286, 241.14021987500902,
    0.0, 0.0, 1.0]
  rows: 3
camera_name: usb_cam
distortion_coefficients:
  cols: 5
  data: [0.13163960710177708, -0.34993191945197194, -0.004383214376053941, -0.0020067169053437487,
    0.2381733678617742]
  rows: 1
distortion_model: plumb_bob
image_height: 480
image_width: 640
projection_matrix:
  cols: 4
  data: [481.9325639356023, 0.0, 323.87987875865014, 0.0, 483.0582084786286, 241.14021987500902,
    0.0, 0.0, 1.0, 0.0, 1.0, 0.0, 0.0]
  rows: 3
rectification_matrix:
  cols: 3
  data: [1, 0.0, 0.0, 0.0, 1, 0.0, 0.0, 0.0, 1]
  rows: 3
