camera_matrix:
  cols: 3
  data: [468.76832475546877, 0.0, 326.16780073765585, 0.0, 468.94557005942914, 244.13578359512323,
    0.0, 0.0, 1.0]
  rows: 3
camera_name: usb_cam
distortion_coefficients:
  cols: 5
  data: [0.08720957192892179, -0.1871270648639311, 0.0009209743588836552, -0.00040210547030000113,
    0.06565714600416055]
  rows: 1
distortion_model: plumb_bob
image_height: 480
image_width: 640
projection_matrix:
  cols: 4
  data: [468.76832475546877, 0.0, 326.16780073765585, 0.0, 468.94557005942914, 244.13578359512323,
    0.0, 0.0, 1.0, 0.0, 1.0, 0.0]
  rows: 3
rectification_matrix:
  cols: 3
  data: [1, 0.0, 0.0, 0.0, 1, 0.0, 0.0, 0.0, 1]
  rows: 3
