camera_matrix:
  cols: 3
  data: [969.6320645266719, 0.0, 654.1933458708504, 0.0, 969.5518928558889, 371.54219490710676,
    0.0, 0.0, 1.0]
  rows: 3
camera_name: usb_cam
distortion_coefficients:
  cols: 5
  data: [0.08879538074643788, -0.07193335295518474, 0.00093141931455193, 0.0006479699750666462,
    -0.47269712863910557]
  rows: 1
distortion_model: plumb_bob
image_height: 720
image_width: 1280
projection_matrix:
  cols: 4
  data: [969.6320645266719, 0.0, 654.1933458708504, 0.0, 969.5518928558889, 371.54219490710676,
    0.0, 0.0, 1.0, 0.0, 1.0, 0.0]
  rows: 3
rectification_matrix:
  cols: 3
  data: [1, 0.0, 0.0, 0.0, 1, 0.0, 0.0, 0.0, 1]
  rows: 3
